4
7
17
11
18
22
4
10
15
12
16
26
18
22
11
18
4
17
16
11
17
20
16
17
4
23
20
13
5
13
14
5
10
9
17
17
17
19
22
6
9
10
21
12
18
11
16
12
17
17
17
25
21
23
17
17
16
23
12
22
22
17
10
9
12
17
25
18
23
20
9
15
21
10
19
17
6
17
17
13
17
21
19
24
6
16
17
15
9
16
16
5
10
8
10
19
15
15
23
11
9
17
22
12
22
16
6
10
9
11
18
22
17
22
10
13
16
27
15
8
13
3
13
17
12
19
20
19
22
17
20
19
19
8
15
22
2
8
9
9
19
16
17
22
16
13
11
22
22
17
15
6
11
4
12
15
17
16
27
11
17
15
10
11
17
5
6
17
5
5
16
20
17
27
6
17
16
15
6
9
14
6
9
8
17
18
25
19
27
6
6
8
8
15
19
13
6
13
7
10
18
24
17
27
10
15
7
7
14
16
6